name		fast@-40C, 1.98, -40.0	fast@0C, 1.98, .0	typical, 1.80, 25.0	slow, 1.62, 125.0
S		N		N		N		N
# RA1SHD_4096x8 words=4096 bits=8 mux=16 drive=12 pipeline=No frequency=1.000 ring width=2
geomx     	343.100   	343.100   	343.100   	343.100   
geomy     	762.035   	762.035   	762.035   	762.035   
ring_size 	5.200     	5.200     	5.200     	5.200     
icc       	0.067     	0.069     	0.059     	0.067     
icc_r     	0.062     	0.064     	0.056     	0.064     
icc_w     	0.071     	0.073     	0.063     	0.071     
icc_peak  	158.035   	148.538   	96.549    	52.509    
icc_desel 	0.024     	0.025     	0.020     	0.032     
icc_standby	0.003     	0.004     	0.003     	0.017     
tcyc      	0.777     	0.839     	1.210     	2.128     
ta        	0.762     	0.814     	1.245     	2.143     
tas       	0.225     	0.243     	0.358     	0.654     
tah       	0.032     	0.048     	0.048     	0.123     
tcs       	0.275     	0.292     	0.389     	0.632     
tch       	0.000     	0.000     	0.000     	0.000     
tws       	0.254     	0.261     	0.359     	0.619     
twh       	0.000     	0.000     	0.000     	0.000     
tds       	0.133     	0.138     	0.210     	0.397     
tdh       	0.000     	0.000     	0.000     	0.000     
thz       	0.419     	0.470     	0.597     	0.955     
tlz       	0.375     	0.390     	0.529     	0.850     
tckh      	0.075     	0.081     	0.105     	0.188     
tckl      	0.107     	0.114     	0.173     	0.304     
tckr      	4.000     	4.000     	4.000     	4.000     
load_q    	0.260     	0.271     	0.361     	0.532     
icap_a    	0.054     	0.054     	0.053     	0.051     
icap_d    	0.003     	0.003     	0.003     	0.003     
icap_clk  	0.282     	0.283     	0.273     	0.252     
icap_cen  	0.015     	0.015     	0.015     	0.014     
icap_wen  	0.015     	0.015     	0.015     	0.015     
icap_oen  	0.010     	0.010     	0.010     	0.010     
ocap_q    	0.022     	0.022     	0.022     	0.022     
pwn_ck    	10.000    	10.000    	10.000    	10.000    
vn_ck     	0.799     	0.790     	0.818     	0.809     
vn_pwr    	0.198     	0.198     	0.180     	0.162     
vn_gnd    	0.198     	0.198     	0.180     	0.162     
