name		fast@-40C, 1.98, -40.0	fast@0C, 1.98, .0	typical, 1.80, 25.0	slow, 1.62, 125.0
S		N		N		N		N
# RA1SHD_8192x8 words=8192 bits=8 mux=16 drive=12 pipeline=No frequency=1.000 ring width=2
geomx     	351.900   	351.900   	351.900   	351.900   
geomy     	1409.715  	1409.715  	1409.715  	1409.715  
ring_size 	5.200     	5.200     	5.200     	5.200     
icc       	0.074     	0.077     	0.066     	0.083     
icc_r     	0.068     	0.070     	0.061     	0.078     
icc_w     	0.081     	0.083     	0.072     	0.088     
icc_peak  	158.088   	149.664   	97.707    	53.977    
icc_desel 	0.024     	0.026     	0.021     	0.041     
icc_standby	0.004     	0.005     	0.003     	0.026     
tcyc      	0.945     	1.043     	1.507     	2.575     
ta        	0.903     	0.970     	1.507     	2.644     
tas       	0.202     	0.218     	0.318     	0.616     
tah       	0.037     	0.056     	0.055     	0.147     
tcs       	0.275     	0.292     	0.388     	0.632     
tch       	0.000     	0.000     	0.000     	0.000     
tws       	0.252     	0.260     	0.359     	0.619     
twh       	0.000     	0.000     	0.000     	0.000     
tds       	0.138     	0.145     	0.221     	0.417     
tdh       	0.000     	0.000     	0.000     	0.000     
thz       	0.419     	0.470     	0.597     	0.955     
tlz       	0.375     	0.390     	0.529     	0.850     
tckh      	0.075     	0.081     	0.105     	0.188     
tckl      	0.107     	0.114     	0.173     	0.304     
tckr      	4.000     	4.000     	4.000     	4.000     
load_q    	0.260     	0.271     	0.361     	0.532     
icap_a    	0.054     	0.054     	0.053     	0.051     
icap_d    	0.003     	0.003     	0.003     	0.003     
icap_clk  	0.282     	0.283     	0.273     	0.252     
icap_cen  	0.015     	0.015     	0.015     	0.014     
icap_wen  	0.015     	0.015     	0.015     	0.015     
icap_oen  	0.010     	0.010     	0.010     	0.010     
ocap_q    	0.022     	0.022     	0.022     	0.022     
pwn_ck    	10.000    	10.000    	10.000    	10.000    
vn_ck     	0.799     	0.790     	0.818     	0.809     
vn_pwr    	0.198     	0.198     	0.180     	0.162     
vn_gnd    	0.198     	0.198     	0.180     	0.162     
