name		fast@-40C, 1.98, -40.0	fast@0C, 1.98, .0	typical, 1.80, 25.0	slow, 1.62, 125.0
S		N		N		N		N
# RA1SHD_1024x8 words=1024 bits=8 mux=16 drive=12 pipeline=No frequency=1.000 ring width=2
geomx     	334.300   	334.300   	334.300   	334.300   
geomy     	276.275   	276.275   	276.275   	276.275   
ring_size 	5.200     	5.200     	5.200     	5.200     
icc       	0.057     	0.058     	0.051     	0.052     
icc_r     	0.054     	0.055     	0.048     	0.049     
icc_w     	0.061     	0.062     	0.053     	0.054     
icc_peak  	155.896   	143.516   	93.202    	51.029    
icc_desel 	0.020     	0.021     	0.017     	0.021     
icc_standby	0.002     	0.002     	0.001     	0.008     
tcyc      	0.753     	0.806     	1.161     	2.060     
ta        	0.744     	0.792     	1.249     	2.142     
tas       	0.182     	0.195     	0.282     	0.545     
tah       	0.048     	0.064     	0.074     	0.154     
tcs       	0.245     	0.260     	0.346     	0.562     
tch       	0.000     	0.000     	0.000     	0.000     
tws       	0.244     	0.247     	0.343     	0.594     
twh       	0.000     	0.000     	0.000     	0.000     
tds       	0.117     	0.119     	0.189     	0.359     
tdh       	0.000     	0.000     	0.000     	0.000     
thz       	0.419     	0.470     	0.597     	0.955     
tlz       	0.375     	0.390     	0.529     	0.850     
tckh      	0.075     	0.081     	0.105     	0.188     
tckl      	0.096     	0.102     	0.157     	0.279     
tckr      	4.000     	4.000     	4.000     	4.000     
load_q    	0.260     	0.271     	0.361     	0.532     
icap_a    	0.054     	0.054     	0.053     	0.051     
icap_d    	0.003     	0.003     	0.003     	0.003     
icap_clk  	0.282     	0.283     	0.273     	0.252     
icap_cen  	0.015     	0.015     	0.015     	0.014     
icap_wen  	0.015     	0.015     	0.015     	0.015     
icap_oen  	0.010     	0.010     	0.010     	0.010     
ocap_q    	0.022     	0.022     	0.022     	0.022     
pwn_ck    	10.000    	10.000    	10.000    	10.000    
vn_ck     	0.799     	0.790     	0.818     	0.809     
vn_pwr    	0.198     	0.198     	0.180     	0.162     
vn_gnd    	0.198     	0.198     	0.180     	0.162     
